C = 1.000000e-03  Accuracy 0.877400
C = 1.000000e-01  Accuracy 0.911200
C = 1  Accuracy 0.906350
